Cext	= 0.0001916958796
Qext	= 0.1913585546
Cabs	= 0.0001903139393
Qabs	= 0.1899790461
