Cext	= 0.0003429379346
Qext	= 0.2555992384
Cabs	= 0.0003397607359
Qabs	= 0.2532312018
