Cext	= 0.0007349190533
Qext	= 0.3274075694
Cabs	= 0.000733108374
Qabs	= 0.326600909
