Cext	= 0.0007349297203
Qext	= 0.3274123216
Cabs	= 0.0007329637753
Qabs	= 0.3265364901
